7.395731756712094E-15
6.836711698779157E-16
2.91292790395243E-16
2.2491879309238774E-16
2.8850078280289814E-16
6.845471888815134E-16
6.6997992432709264E-15
6.686105909639982E-15
6.844046451233506E-16
2.880512847488009E-16
2.25541936525874E-16
2.915905287251364E-16
6.846200611599728E-16
7.382735025830255E-15
6.833471991921766E-16
2.9162013671648754E-16
2.252233246511026E-16
2.881856744763073E-16
6.680629053061158E-15
6.848715998780548E-16
2.8821688868635973E-16
2.2517046840996805E-16
7.38795321341984E-15
6.828134506120841E-16
2.908481836095746E-16
6.686790603400809E-15
6.843376330926639E-16
7.392855218654723E-15
