1.384038843859652E-15
1.2906042679637657E-16
5.573551975504018E-17
4.316707180438657E-17
5.5161094794633584E-17
1.2924482101243612E-16
1.2348641735715288E-15
1.2331233709765976E-15
1.2942807460343781E-16
5.515854695199996E-17
4.333227337260108E-17
5.583751715639953E-17
1.294670795419562E-16
1.3785841695791291E-15
1.2908144716419917E-16
5.58008693849853E-17
4.3204894307083265E-17
5.5106341544151314E-17
1.23319189393425E-15
1.294668184929306E-16
5.512245979931795E-17
4.322602102845611E-17
1.3837988153514684E-15
1.2895824907209482E-16
5.566231855900609E-17
1.2302357772565301E-15
1.2920632704267397E-16
1.3799155626599587E-15
