1.3688241830235112E-15
1.4388277036596453E-16
6.602659200245515E-17
5.010762393724417E-17
6.040217280263143E-17
1.32144088074019E-16
1.2309160685507472E-15
1.2206381832025897E-15
1.3188982977320847E-16
6.036409495338484E-17
5.004751963176598E-17
6.596552363967528E-17
1.4385553982650446E-16
1.3816623545604345E-15
1.2853634584061704E-16
5.661702897781266E-17
4.662883272880494E-17
6.453896813525409E-17
1.2368891850385493E-15
1.2845163121675755E-16
5.5350096350892096E-17
4.6632587989756764E-17
1.379178585112041E-15
1.2828904019336012E-16
5.658516601361051E-17
1.2322706059828928E-15
1.2827962310352805E-16
1.3798010310142648E-15
