1.383062062348354E-15
1.2845620798725304E-16
5.506204171379951E-17
4.4265392595704605E-17
7.6385968619532E-17
1.3803833342526366E-16
1.2408689650599769E-15
1.234684546444765E-15
1.2846959661064422E-16
5.4669696891114704E-17
5.525102547736231E-17
6.536697003485457E-17
1.2770748970630202E-16
1.3830857341469755E-15
1.2782371894970006E-16
6.537170995090523E-17
5.523397905298372E-17
5.460071287129346E-17
1.23345805388381E-15
1.3776846947215446E-16
7.624906564999941E-17
4.416485170253698E-17
1.364071528270304E-15
1.905780159642821E-16
6.436023889308828E-17
1.3518989811965546E-15
1.9036399140125816E-16
1.3581537024242618E-15
