1.374440818525448E-15
1.6666524328889623E-16
7.41405872586806E-17
5.472387612080982E-17
6.423549861783397E-17
1.3606945985775128E-16
1.2233289601551497E-15
1.21022914745701E-15
1.3572522064858552E-16
6.429760265358149E-17
5.448757340249906E-17
7.40264479224635E-17
1.6658653142489563E-16
1.3760229252370238E-15
1.2770349621811942E-16
5.609080506975688E-17
4.6715048504130984E-17
6.835157644498884E-17
1.2361756899702007E-15
1.2772261995335885E-16
5.4712880501422953E-17
4.673236614850327E-17
1.383240373988791E-15
1.2804073742928345E-16
5.623996386549792E-17
1.2295860288936487E-15
1.2724208604221324E-16
1.3734746859274793E-15
