1.381927357589225E-15
1.2987419622685513E-16
6.284201714564827E-17
5.2417516827412256E-17
6.227446774827492E-17
1.2993324468162275E-16
1.2364612338374935E-15
1.2229939953320204E-15
1.296216545334921E-16
6.227377310259687E-17
5.2189296122703606E-17
6.268873301948164E-17
1.2984635910584132E-16
1.373331694437186E-15
1.298388870894445E-16
6.26328275185654E-17
5.2181888098766687E-17
6.219759349384059E-17
1.2283267944466342E-15
1.294289322457751E-16
6.211506445815319E-17
5.22336768193296E-17
1.373365675537032E-15
1.2970015284916947E-16
6.279519503676065E-17
1.2228967246734984E-15
1.2950278328727216E-16
1.3693438801425637E-15
