2.248780664078413196e-13
3.533589502441998909e-14
1.562007128775800246e-14
9.484573029063803207e-15
8.659380878157275108e-15
7.549582250408995477e-15
7.492383312032350114e-15
2.118298190648476285e-13
3.349132273537434957e-14
1.034347051389089227e-14
8.248980842786116331e-15
1.952665462264312288e-15
3.971194772025259637e-15
2.010537628328102807e-13
3.415706323162809208e-14
1.128536445888998753e-14
7.965748531114188705e-15
1.489562463611336436e-15
2.099567331644045674e-13
2.830230879571487995e-14
1.405860207306270171e-14
1.059850663797007091e-14
2.177580022635473383e-13
3.024746849099031418e-14
9.410164407034537600e-15
2.184110172859066057e-13
3.322822615044357951e-14
2.359634242134514991e-13
