9.443615789058613549e-13
3.301644696653424285e-13
2.798118868378502756e-13
2.549272027869942373e-13
2.797019696218674853e-13
4.166224178461888370e-13
9.400721221393831251e-13
8.107055008896074176e-13
3.419606896968058458e-13
2.674059431511956541e-13
2.447834505665867768e-13
3.269757945216701811e-13
4.151907678992722155e-13
8.850891732443595828e-13
3.026251273929791445e-13
2.161091433743474011e-13
2.530486102760223575e-13
2.773640780088672782e-13
9.607006845523987649e-13
3.094581320116669970e-13
2.783503912641608980e-13
2.663873014840230026e-13
8.967174600267073394e-13
3.583853292807931861e-13
2.844605924711736446e-13
8.545871118986285329e-13
3.543983019189163068e-13
1.020934640325423016e-12
